1786 1787 1 0 5000       0.00000       0.00000
1788 1789 1 0 5000       0.00000       0.00000
1790 1791 1 0 5000       0.00000       0.00000
1792 1793 1 0 5000       0.00000       0.00000
1794 1795 1 0 5000       0.00000       0.00000
1796 1797 1 0 5000       0.00000       0.00000
1798 1799 1 0 5000       0.00000       0.00000
1800 1801 1 0 5000       0.00000       0.00000
1802 1803 1 0 5000       0.00000       0.00000
1804 1805 1 0 5000       0.00000       0.00000
1806 1807 1 0 5000       0.00000       0.00000
1808 1809 1 0 5000       0.00000       0.00000
1810 1811 1 0 5000       0.00000       0.00000
1812 1813 1 0 5000       0.00000       0.00000
1814 1815 1 0 5000       0.00000       0.00000
1816 1817 1 0 5000       0.00000       0.00000
1818 1819 1 0 5000       0.00000       0.00000
1820 1821 1 0 5000       0.00000       0.00000
1822 1823 1 0 5000       0.00000       0.00000
1824 1825 1 0 5000       0.00000       0.00000
1826 1827 1 0 5000       0.00000       0.00000
1828 1829 1 0 5000       0.00000       0.00000
1830 1831 1 0 5000       0.00000       0.00000
1832 1833 1 0 5000       0.00000       0.00000
1834 1835 1 0 5000       0.00000       0.00000
1836 1837 1 0 5000       0.00000       0.00000
1838 1839 1 0 5000       0.00000       0.00000
1840 1841 1 0 5000       0.00000       0.00000
1842 1843 1 0 5000       0.00000       0.00000
1844 1845 1 0 5000       0.00000       0.00000
1846 1847 1 0 5000       0.00000       0.00000
1848 1849 1 0 5000       0.00000       0.00000
1850 1851 1 0 5000       0.00000       0.00000
1852 1853 1 0 5000       0.00000       0.00000
1854 1855 1 0 5000       0.00000       0.00000
1856 1857 1 0 5000       0.00000       0.00000
1858 1859 1 0 5000       0.00000       0.00000
1860 1861 1 0 5000       0.00000       0.00000
1862 1863 1 0 5000       0.00000       0.00000
1864 1865 1 0 5000       0.00000       0.00000
1866 1867 1 0 5000       0.00000       0.00000
1868 1869 1 0 5000       0.00000       0.00000
1870 1871 1 0 5000       0.00000       0.00000
1872 1873 1 0 5000       0.00000       0.00000
1874 1875 1 0 5000       0.00000       0.00000
1876 1877 1 0 5000       0.00000       0.00000
1878 1879 1 0 5000       0.00000       0.00000
1880 1881 1 0 5000       0.00000       0.00000
1882 1883 1 0 5000       0.00000       0.00000
1884 1885 1 0 5000       0.00000       0.00000
1886 1887 1 0 5000       0.00000       0.00000
1888 1889 1 0 5000       0.00000       0.00000
1890 1891 1 0 5000       0.00000       0.00000
1892 1893 1 0 5000       0.00000       0.00000
1894 1895 1 0 5000       0.00000       0.00000
1896 1897 1 0 5000       0.00000       0.00000
1898 1899 1 0 5000       0.00000       0.00000
1900 1901 1 0 5000       0.00000       0.00000
1902 1903 1 0 5000       0.00000       0.00000
1904 1905 1 0 5000       0.00000       0.00000
1906 1907 1 0 5000       0.00000       0.00000
1908 1909 1 0 5000       0.00000       0.00000
1910 1911 1 0 5000       0.00000       0.00000
1912 1913 1 0 5000       0.00000       0.00000
1914 1915 1 0 5000       0.00000       0.00000
1916 1917 1 0 5000       0.00000       0.00000
1918 1919 1 0 5000       0.00000       0.00000
1920 1921 1 0 5000       0.00000       0.00000
1922 1923 1 0 5000       0.00000       0.00000
1924 1925 1 0 5000       0.00000       0.00000
1926 1927 1 0 5000       0.00000       0.00000
1928 1929 1 0 5000       0.00000       0.00000
1930 1931 1 0 5000       0.00000       0.00000
1932 1933 1 0 5000       0.00000       0.00000
1934 1935 1 0 5000       0.00000       0.00000
1936 1937 1 0 5000       0.00000       0.00000
1938 1939 1 0 5000       0.00000       0.00000
1940 1941 1 0 5000       0.00000       0.00000
1942 1943 1 0 5000       0.00000       0.00000
1944 1945 1 0 5000       0.00000       0.00000
1946 1947 1 0 5000       0.00000       0.00000
1948 1949 1 0 5000       0.00000       0.00000
1950 1951 1 0 5000       0.00000       0.00000
1952 1953 1 0 5000       0.00000       0.00000
1954 1955 1 0 5000       0.00000       0.00000
1956 1957 1 0 5000       0.00000       0.00000
1958 1959 1 0 5000       0.00000       0.00000
1960 1961 1 0 5000       0.00000       0.00000
1962 1963 1 0 5000       0.00000       0.00000
1964 1965 1 0 5000       0.00000       0.00000
1966 1967 1 0 5000       0.00000       0.00000
1968 1969 1 0 5000       0.00000       0.00000
1970 1971 1 0 5000       0.00000       0.00000
1972 1973 1 0 5000       0.00000       0.00000
1974 1975 1 0 5000       0.00000       0.00000
1976 1977 1 0 5000       0.00000       0.00000
1978 1979 1 0 5000       0.00000       0.00000
1980 1981 1 0 5000       0.00000       0.00000
1982 1983 1 0 5000       0.00000       0.00000
1984 1985 1 0 5000       0.00000       0.00000
1986 1987 1 0 5000       0.00000       0.00000
1988 1989 1 0 5000       0.00000       0.00000
1990 1991 1 0 5000       0.00000       0.00000
1992 1993 1 0 5000       0.00000       0.00000
1994 1995 1 0 5000       0.00000       0.00000
1996 1997 1 0 5000       0.00000       0.00000
1998 1999 1 0 5000       0.00000       0.00000
2000 2001 1 0 5000       0.00000       0.00000
2002 2003 1 0 5000       0.00000       0.00000
2004 2005 1 0 5000       0.00000       0.00000
2006 2007 1 0 5000       0.00000       0.00000
2008 2009 1 0 5000       0.00000       0.00000
2010 2011 1 0 5000       0.00000       0.00000
2012 2013 1 0 5000       0.00000       0.00000
2014 2015 1 0 5000       0.00000       0.00000
2016 2017 1 0 5000       0.00000       0.00000
2018 2019 1 0 5000       0.00000       0.00000
2020 2021 1 0 5000       0.00000       0.00000
2022 2023 1 0 5000       0.00000       0.00000
2024 2025 1 0 5000       0.00000       0.00000
2026 2027 1 0 5000       0.00000       0.00000
2028 2029 1 0 5000       0.00000       0.00000
2030 2031 1 0 5000       0.00000       0.00000
2032 2033 1 0 5000       0.00000       0.00000
2034 2035 1 0 5000       0.00000       0.00000
2036 2037 1 0 5000       0.00000       0.00000
2038 2039 1 0 5000       0.00000       0.00000
2040 2041 1 0 5000       0.00000       0.00000
2042 2043 1 0 5000       0.00000       0.00000
2044 2045 1 0 5000       0.00000       0.00000
2046 2047 1 0 5000       0.00000       0.00000
2048 2049 1 0 5000       0.00000       0.00000
2050 2051 1 0 5000       0.00000       0.00000
2052 2053 1 0 5000       0.00000       0.00000
2054 2055 1 0 5000       0.00000       0.00000
2056 2057 1 0 5000       0.00000       0.00000
2058 2059 1 0 5000       0.00000       0.00000
2060 2061 1 0 5000       0.00000       0.00000
2062 2063 1 0 5000       0.00000       0.00000
2064 2065 1 0 5000       0.00000       0.00000
2066 2067 1 0 5000       0.00000       0.00000
2068 2069 1 0 5000       0.00000       0.00000
2070 2071 1 0 5000       0.00000       0.00000
2072 2073 1 0 5000       0.00000       0.00000
2074 2075 1 0 5000       0.00000       0.00000
2076 2077 1 0 5000       0.00000       0.00000
2078 2079 1 0 5000       0.00000       0.00000
2080 2081 1 0 5000       0.00000       0.00000
2082 2083 1 0 5000       0.00000       0.00000
2084 2085 1 0 5000       0.00000       0.00000
2086 2087 1 0 5000       0.00000       0.00000
2088 2089 1 0 5000       0.00000       0.00000
2090 2091 1 0 5000       0.00000       0.00000
2092 2093 1 0 5000       0.00000       0.00000
2094 2095 1 0 5000       0.00000       0.00000
2096 2097 1 0 5000       0.00000       0.00000
2098 2099 1 0 5000       0.00000       0.00000
2100 2101 1 0 5000       0.00000       0.00000
2102 2103 1 0 5000       0.00000       0.00000
2104 2105 1 0 5000       0.00000       0.00000
2106 2107 1 0 5000       0.00000       0.00000
2108 2109 1 0 5000       0.00000       0.00000
2110 2111 1 0 5000       0.00000       0.00000
2112 2113 1 0 5000       0.00000       0.00000
2114 2115 1 0 5000       0.00000       0.00000
2116 2117 1 0 5000       0.00000       0.00000
2118 2119 1 0 5000       0.00000       0.00000
2120 2121 1 0 5000       0.00000       0.00000
2122 2123 1 0 5000       0.00000       0.00000
2124 2125 1 0 5000       0.00000       0.00000
2126 2127 1 0 5000       0.00000       0.00000
2128 2129 1 0 5000       0.00000       0.00000
2130 2131 1 0 5000       0.00000       0.00000
2132 2133 1 0 5000       0.00000       0.00000
2134 2135 1 0 5000       0.00000       0.00000
2136 2137 1 0 5000       0.00000       0.00000
2138 2139 1 0 5000       0.00000       0.00000
2140 2141 1 0 5000       0.00000       0.00000
2142 2143 1 0 5000       0.00000       0.00000
2144 2145 1 0 5000       0.00000       0.00000
2146 2147 1 0 5000       0.00000       0.00000
2148 2149 1 0 5000       0.00000       0.00000
2150 2151 1 0 5000       0.00000       0.00000
2152 2153 1 0 5000       0.00000       0.00000
2154 2155 1 0 5000       0.00000       0.00000
2156 2157 1 0 5000       0.00000       0.00000
2158 2159 1 0 5000       0.00000       0.00000
2160 2161 1 0 5000       0.00000       0.00000
2162 2163 1 0 5000       0.00000       0.00000
2164 2165 1 0 5000       0.00000       0.00000
2166 2167 1 0 5000       0.00000       0.00000
2168 2169 1 0 5000       0.00000       0.00000
2170 2171 1 0 5000       0.00000       0.00000
2172 2173 1 0 5000       0.00000       0.00000
2174 2175 1 0 5000       0.00000       0.00000
2176 2177 1 0 5000       0.00000       0.00000
2178 2179 1 0 5000       0.00000       0.00000
2180 2181 1 0 5000       0.00000       0.00000
2182 2183 1 0 5000       0.00000       0.00000
2184 2185 1 0 5000       0.00000       0.00000
2186 2187 1 0 5000       0.00000       0.00000
2188 2189 1 0 5000       0.00000       0.00000
2190 2191 1 0 5000       0.00000       0.00000
2192 2193 1 0 5000       0.00000       0.00000
2194 2195 1 0 5000       0.00000       0.00000
2196 2197 1 0 5000       0.00000       0.00000
2198 2199 1 0 5000       0.00000       0.00000
2200 2201 1 0 5000       0.00000       0.00000
2202 2203 1 0 5000       0.00000       0.00000
2204 2205 1 0 5000       0.00000       0.00000
2206 2207 1 0 5000       0.00000       0.00000
2208 2209 1 0 5000       0.00000       0.00000
2210 2211 1 0 5000       0.00000       0.00000
2212 2213 1 0 5000       0.00000       0.00000
2214 2215 1 0 5000       0.00000       0.00000
2216 2217 1 0 5000       0.00000       0.00000
2218 2219 1 0 5000       0.00000       0.00000
2220 2221 1 0 5000       0.00000       0.00000
2222 2223 1 0 5000       0.00000       0.00000
2224 2225 1 0 5000       0.00000       0.00000
2226 2227 1 0 5000       0.00000       0.00000
2228 2229 1 0 5000       0.00000       0.00000
2230 2231 1 0 5000       0.00000       0.00000
2232 2233 1 0 5000       0.00000       0.00000
2234 2235 1 0 5000       0.00000       0.00000
2236 2237 1 0 5000       0.00000       0.00000
2238 2239 1 0 5000       0.00000       0.00000
2240 2241 1 0 5000       0.00000       0.00000
2242 2243 1 0 5000       0.00000       0.00000
2244 2245 1 0 5000       0.00000       0.00000
2246 2247 1 0 5000       0.00000       0.00000
2248 2249 1 0 5000       0.00000       0.00000
2250 2251 1 0 5000       0.00000       0.00000
2252 2253 1 0 5000       0.00000       0.00000
2254 2255 1 0 5000       0.00000       0.00000
2256 2257 1 0 5000       0.00000       0.00000
2258 2259 1 0 5000       0.00000       0.00000
2260 2261 1 0 5000       0.00000       0.00000
2262 2263 1 0 5000       0.00000       0.00000
2264 2265 1 0 5000       0.00000       0.00000
2266 2267 1 0 5000       0.00000       0.00000
2268 2269 1 0 5000       0.00000       0.00000
2270 2271 1 0 5000       0.00000       0.00000
2272 2273 1 0 5000       0.00000       0.00000
2274 2275 1 0 5000       0.00000       0.00000
2276 2277 1 0 5000       0.00000       0.00000
2278 2279 1 0 5000       0.00000       0.00000
2280 2281 1 0 5000       0.00000       0.00000
2282 2283 1 0 5000       0.00000       0.00000
2284 2285 1 0 5000       0.00000       0.00000
2286 2287 1 0 5000       0.00000       0.00000
2288 2289 1 0 5000       0.00000       0.00000
2290 2291 1 0 5000       0.00000       0.00000
2292 2293 1 0 5000       0.00000       0.00000
2294 2295 1 0 5000       0.00000       0.00000
2296 2297 1 0 5000       0.00000       0.00000
2298 2299 1 0 5000       0.00000       0.00000
2300 2301 1 0 5000       0.00000       0.00000
2302 2303 1 0 5000       0.00000       0.00000
2304 2305 1 0 5000       0.00000       0.00000
2306 2307 1 0 5000       0.00000       0.00000
2308 2309 1 0 5000       0.00000       0.00000
2310 2311 1 0 5000       0.00000       0.00000
2312 2313 1 0 5000       0.00000       0.00000
2314 2315 1 0 5000       0.00000       0.00000
2316 2317 1 0 5000       0.00000       0.00000
2318 2319 1 0 5000       0.00000       0.00000
2320 2321 1 0 5000       0.00000       0.00000
2322 2323 1 0 5000       0.00000       0.00000
2324 2325 1 0 5000       0.00000       0.00000
2326 2327 1 0 5000       0.00000       0.00000
2328 2329 1 0 5000       0.00000       0.00000
2330 2331 1 0 5000       0.00000       0.00000
2332 2333 1 0 5000       0.00000       0.00000
2334 2335 1 0 5000       0.00000       0.00000
2336 2337 1 0 5000       0.00000       0.00000
2338 2339 1 0 5000       0.00000       0.00000
2340 2341 1 0 5000       0.00000       0.00000
2342 2343 1 0 5000       0.00000       0.00000
2344 2345 1 0 5000       0.00000       0.00000
2346 2347 1 0 5000       0.00000       0.00000
2348 2349 1 0 5000       0.00000       0.00000
2350 2351 1 0 5000       0.00000       0.00000
2352 2353 1 0 5000       0.00000       0.00000
2354 2355 1 0 5000       0.00000       0.00000
2356 2357 1 0 5000       0.00000       0.00000
2358 2359 1 0 5000       0.00000       0.00000
2360 2361 1 0 5000       0.00000       0.00000
2362 2363 1 0 5000       0.00000       0.00000
2364 2365 1 0 5000       0.00000       0.00000
2366 2367 1 0 5000       0.00000       0.00000
2368 2369 1 0 5000       0.00000       0.00000
2370 2371 1 0 5000       0.00000       0.00000
2372 2373 1 0 5000       0.00000       0.00000
2374 2375 1 0 5000       0.00000       0.00000
2376 2377 1 0 5000       0.00000       0.00000
2378 2379 1 0 5000       0.00000       0.00000
2380 2381 1 0 5000       0.00000       0.00000
2382 2383 1 0 5000       0.00000       0.00000
2384 2385 1 0 5000       0.00000       0.00000
2386 2387 1 0 5000       0.00000       0.00000
2388 2389 1 0 5000       0.00000       0.00000
2390 2391 1 0 5000       0.00000       0.00000
2392 2393 1 0 5000       0.00000       0.00000
2394 2395 1 0 5000       0.00000       0.00000
2396 2397 1 0 5000       0.00000       0.00000
2398 2399 1 0 5000       0.00000       0.00000
2400 2401 1 0 5000       0.00000       0.00000
2402 2403 1 0 5000       0.00000       0.00000
2404 2405 1 0 5000       0.00000       0.00000
2406 2407 1 0 5000       0.00000       0.00000
2408 2409 1 0 5000       0.00000       0.00000
2410 2411 1 0 5000       0.00000       0.00000
2412 2413 1 0 5000       0.00000       0.00000
2414 2415 1 0 5000       0.00000       0.00000
2416 2417 1 0 5000       0.00000       0.00000
2418 2419 1 0 5000       0.00000       0.00000
2420 2421 1 0 5000       0.00000       0.00000
2422 2423 1 0 5000       0.00000       0.00000
2424 2425 1 0 5000       0.00000       0.00000
2426 2427 1 0 5000       0.00000       0.00000
2428 2429 1 0 5000       0.00000       0.00000
2430 2431 1 0 5000       0.00000       0.00000
2432 2433 1 0 5000       0.00000       0.00000
2434 2435 1 0 5000       0.00000       0.00000
2436 2437 1 0 5000       0.00000       0.00000
2438 2439 1 0 5000       0.00000       0.00000
2440 2441 1 0 5000       0.00000       0.00000
2442 2443 1 0 5000       0.00000       0.00000
2444 2445 1 0 5000       0.00000       0.00000
2446 2447 1 0 5000       0.00000       0.00000
2448 2449 1 0 5000       0.00000       0.00000
2450 2451 1 0 5000       0.00000       0.00000
2452 2453 1 0 5000       0.00000       0.00000
2454 2455 1 0 5000       0.00000       0.00000
2456 2457 1 0 5000       0.00000       0.00000
2458 2459 1 0 5000       0.00000       0.00000
2460 2461 1 0 5000       0.00000       0.00000
2462 2463 1 0 5000       0.00000       0.00000
2464 2465 1 0 5000       0.00000       0.00000
2466 2467 1 0 5000       0.00000       0.00000
2468 2469 1 0 5000       0.00000       0.00000
2470 2471 1 0 5000       0.00000       0.00000
2472 2473 1 0 5000       0.00000       0.00000
2474 2475 1 0 5000       0.00000       0.00000
2476 2477 1 0 5000       0.00000       0.00000
2478 2479 1 0 5000       0.00000       0.00000
2480 2481 1 0 5000       0.00000       0.00000
2482 2483 1 0 5000       0.00000       0.00000
2484 2485 1 0 5000       0.00000       0.00000
2486 2487 1 0 5000       0.00000       0.00000
2488 2489 1 0 5000       0.00000       0.00000
2490 2491 1 0 5000       0.00000       0.00000
2492 2493 1 0 5000       0.00000       0.00000
2494 2495 1 0 5000       0.00000       0.00000
2496 2497 1 0 5000       0.00000       0.00000
2498 2499 1 0 5000       0.00000       0.00000
2500 2501 1 0 5000       0.00000       0.00000
2502 2503 1 0 5000       0.00000       0.00000
2504 2505 1 0 5000       0.00000       0.00000
2506 2507 1 0 5000       0.00000       0.00000
2508 2509 1 0 5000       0.00000       0.00000
2510 2511 1 0 5000       0.00000       0.00000
2512 2513 1 0 5000       0.00000       0.00000
2514 2515 1 0 5000       0.00000       0.00000
2516 2517 1 0 5000       0.00000       0.00000
2518 2519 1 0 5000       0.00000       0.00000
2520 2521 1 0 5000       0.00000       0.00000
2522 2523 1 0 5000       0.00000       0.00000
2524 2525 1 0 5000       0.00000       0.00000
2526 2527 1 0 5000       0.00000       0.00000
2528 2529 1 0 5000       0.00000       0.00000
2530 2531 1 0 5000       0.00000       0.00000
2532 2533 1 0 5000       0.00000       0.00000
2534 2535 1 0 5000       0.00000       0.00000
2536 2537 1 0 5000       0.00000       0.00000
2538 2539 1 0 5000       0.00000       0.00000
2540 2541 1 0 5000       0.00000       0.00000
2542 2543 1 0 5000       0.00000       0.00000
2544 2545 1 0 5000       0.00000       0.00000
2546 2547 1 0 5000       0.00000       0.00000
2548 2549 1 0 5000       0.00000       0.00000
2550 2551 1 0 5000       0.00000       0.00000
2552 2553 1 0 5000       0.00000       0.00000
2554 2555 1 0 5000       0.00000       0.00000
2556 2557 1 0 5000       0.00000       0.00000
2558 2559 1 0 5000       0.00000       0.00000
2560 2561 1 0 5000       0.00000       0.00000
2562 2563 1 0 5000       0.00000       0.00000
2564 2565 1 0 5000       0.00000       0.00000
2566 2567 1 0 5000       0.00000       0.00000
2568 2569 1 0 5000       0.00000       0.00000
2570 2571 1 0 5000       0.00000       0.00000
2572 2573 1 0 5000       0.00000       0.00000
2574 2575 1 0 5000       0.00000       0.00000
2576 2577 1 0 5000       0.00000       0.00000
2578 2579 1 0 5000       0.00000       0.00000
2580 2581 1 0 5000       0.00000       0.00000
2582 2583 1 0 5000       0.00000       0.00000
2584 2585 1 0 5000       0.00000       0.00000
2586 2587 1 0 5000       0.00000       0.00000
2588 2589 1 0 5000       0.00000       0.00000
2590 2591 1 0 5000       0.00000       0.00000
2592 2593 1 0 5000       0.00000       0.00000
2594 2595 1 0 5000       0.00000       0.00000
2596 2597 1 0 5000       0.00000       0.00000
2598 2599 1 0 5000       0.00000       0.00000
2600 2601 1 0 5000       0.00000       0.00000
2602 2603 1 0 5000       0.00000       0.00000
2604 2605 1 0 5000       0.00000       0.00000
2606 2607 1 0 5000       0.00000       0.00000
2608 2609 1 0 5000       0.00000       0.00000
2610 2611 1 0 5000       0.00000       0.00000
2612 2613 1 0 5000       0.00000       0.00000
2614 2615 1 0 5000       0.00000       0.00000
2616 2617 1 0 5000       0.00000       0.00000
2618 2619 1 0 5000       0.00000       0.00000
2620 2621 1 0 5000       0.00000       0.00000
2622 2623 1 0 5000       0.00000       0.00000
2624 2625 1 0 5000       0.00000       0.00000
2626 2627 1 0 5000       0.00000       0.00000
2628 2629 1 0 5000       0.00000       0.00000
2630 2631 1 0 5000       0.00000       0.00000
2632 2633 1 0 5000       0.00000       0.00000
2634 2635 1 0 5000       0.00000       0.00000
2636 2637 1 0 5000       0.00000       0.00000
2638 2639 1 0 5000       0.00000       0.00000
2640 2641 1 0 5000       0.00000       0.00000
2642 2643 1 0 5000       0.00000       0.00000
2644 2645 1 0 5000       0.00000       0.00000
2646 2647 1 0 5000       0.00000       0.00000
2648 2649 1 0 5000       0.00000       0.00000
2650 2651 1 0 5000       0.00000       0.00000
2652 2653 1 0 5000       0.00000       0.00000
2654 2655 1 0 5000       0.00000       0.00000
2656 2657 1 0 5000       0.00000       0.00000
2658 2659 1 0 5000       0.00000       0.00000
2660 2661 1 0 5000       0.00000       0.00000
2662 2663 1 0 5000       0.00000       0.00000
2664 2665 1 0 5000       0.00000       0.00000
2666 2667 1 0 5000       0.00000       0.00000
2668 2669 1 0 5000       0.00000       0.00000
2670 2671 1 0 5000       0.00000       0.00000
2672 2673 1 0 5000       0.00000       0.00000
2674 2675 1 0 5000       0.00000       0.00000
2676 2677 1 0 5000       0.00000       0.00000
2678 2679 1 0 5000       0.00000       0.00000
2680 2681 1 0 5000       0.00000       0.00000
2682 2683 1 0 5000       0.00000       0.00000
2684 2685 1 0 5000       0.00000       0.00000
2686 2687 1 0 5000       0.00000       0.00000
2688 2689 1 0 5000       0.00000       0.00000
2690 2691 1 0 5000       0.00000       0.00000
2692 2693 1 0 5000       0.00000       0.00000
2694 2695 1 0 5000       0.00000       0.00000
2696 2697 1 0 5000       0.00000       0.00000
2698 2699 1 0 5000       0.00000       0.00000
2700 2701 1 0 5000       0.00000       0.00000
2702 2703 1 0 5000       0.00000       0.00000
2704 2705 1 0 5000       0.00000       0.00000
2706 2707 1 0 5000       0.00000       0.00000
2708 2709 1 0 5000       0.00000       0.00000
2710 2711 1 0 5000       0.00000       0.00000
2712 2713 1 0 5000       0.00000       0.00000
2714 2715 1 0 5000       0.00000       0.00000
2716 2717 1 0 5000       0.00000       0.00000
2718 2719 1 0 5000       0.00000       0.00000
2720 2721 1 0 5000       0.00000       0.00000
2722 2723 1 0 5000       0.00000       0.00000
2724 2725 1 0 5000       0.00000       0.00000
2726 2727 1 0 5000       0.00000       0.00000
2728 2729 1 0 5000       0.00000       0.00000
2730 2731 1 0 5000       0.00000       0.00000
2732 2733 1 0 5000       0.00000       0.00000
2734 2735 1 0 5000       0.00000       0.00000
2736 2737 1 0 5000       0.00000       0.00000
2738 2739 1 0 5000       0.00000       0.00000
2740 2741 1 0 5000       0.00000       0.00000
2742 2743 1 0 5000       0.00000       0.00000
2744 2745 1 0 5000       0.00000       0.00000
2746 2747 1 0 5000       0.00000       0.00000
2748 2749 1 0 5000       0.00000       0.00000
2750 2751 1 0 5000       0.00000       0.00000
2752 2753 1 0 5000       0.00000       0.00000
2754 2755 1 0 5000       0.00000       0.00000
2756 2757 1 0 5000       0.00000       0.00000
2758 2759 1 0 5000       0.00000       0.00000
2760 2761 1 0 5000       0.00000       0.00000
2762 2763 1 0 5000       0.00000       0.00000
2764 2765 1 0 5000       0.00000       0.00000
2766 2767 1 0 5000       0.00000       0.00000
2768 2769 1 0 5000       0.00000       0.00000
2770 2771 1 0 5000       0.00000       0.00000
2772 2773 1 0 5000       0.00000       0.00000
2774 2775 1 0 5000       0.00000       0.00000
2776 2777 1 0 5000       0.00000       0.00000
2778 2779 1 0 5000       0.00000       0.00000
2780 2781 1 0 5000       0.00000       0.00000
2782 2783 1 0 5000       0.00000       0.00000
2784 2785 1 0 5000       0.00000       0.00000
2786 2787 1 0 5000       0.00000       0.00000
2788 2789 1 0 5000       0.00000       0.00000
2790 2791 1 0 5000       0.00000       0.00000
2792 2793 1 0 5000       0.00000       0.00000
2794 2795 1 0 5000       0.00000       0.00000
2796 2797 1 0 5000       0.00000       0.00000
2798 2799 1 0 5000       0.00000       0.00000
2800 2801 1 0 5000       0.00000       0.00000
2802 2803 1 0 5000       0.00000       0.00000
2804 2805 1 0 5000       0.00000       0.00000
2806 2807 1 0 5000       0.00000       0.00000
2808 2809 1 0 5000       0.00000       0.00000
2810 2811 1 0 5000       0.00000       0.00000
2812 2813 1 0 5000       0.00000       0.00000
2814 2815 1 0 5000       0.00000       0.00000
2816 2817 1 0 5000       0.00000       0.00000
2818 2819 1 0 5000       0.00000       0.00000
2820 2821 1 0 5000       0.00000       0.00000
2822 2823 1 0 5000       0.00000       0.00000
2824 2825 1 0 5000       0.00000       0.00000
2826 2827 1 0 5000       0.00000       0.00000
2828 2829 1 0 5000       0.00000       0.00000
2830 2831 1 0 5000       0.00000       0.00000
2832 2833 1 0 5000       0.00000       0.00000
2834 2835 1 0 5000       0.00000       0.00000
2836 2837 1 0 5000       0.00000       0.00000
2838 2839 1 0 5000       0.00000       0.00000
2840 2841 1 0 5000       0.00000       0.00000
2842 2843 1 0 5000       0.00000       0.00000
2844 2845 1 0 5000       0.00000       0.00000
2846 2847 1 0 5000       0.00000       0.00000
2848 2849 1 0 5000       0.00000       0.00000
2850 2851 1 0 5000       0.00000       0.00000
2852 2853 1 0 5000       0.00000       0.00000
2854 2855 1 0 5000       0.00000       0.00000
2856 2857 1 0 5000       0.00000       0.00000
2858 2859 1 0 5000       0.00000       0.00000
2860 2861 1 0 5000       0.00000       0.00000
2862 2863 1 0 5000       0.00000       0.00000
2864 2865 1 0 5000       0.00000       0.00000
2866 2867 1 0 5000       0.00000       0.00000
2868 2869 1 0 5000       0.00000       0.00000
2870 2871 1 0 5000       0.00000       0.00000
2872 2873 1 0 5000       0.00000       0.00000
2874 2875 1 0 5000       0.00000       0.00000
2876 2877 1 0 5000       0.00000       0.00000
2878 2879 1 0 5000       0.00000       0.00000
2880 2881 1 0 5000       0.00000       0.00000
2882 2883 1 0 5000       0.00000       0.00000
2884 2885 1 0 5000       0.00000       0.00000
2886 2887 1 0 5000       0.00000       0.00000
2888 2889 1 0 5000       0.00000       0.00000
2890 2891 1 0 5000       0.00000       0.00000
2892 2893 1 0 5000       0.00000       0.00000
2894 2895 1 0 5000       0.00000       0.00000
2896 2897 1 0 5000       0.00000       0.00000
2898 2899 1 0 5000       0.00000       0.00000
2900 2901 1 0 5000       0.00000       0.00000
2902 2903 1 0 5000       0.00000       0.00000
2904 2905 1 0 5000       0.00000       0.00000
2906 2907 1 0 5000       0.00000       0.00000
2908 2909 1 0 5000       0.00000       0.00000
2910 2911 1 0 5000       0.00000       0.00000
2912 2913 1 0 5000       0.00000       0.00000
2914 2915 1 0 5000       0.00000       0.00000
2916 2917 1 0 5000       0.00000       0.00000
2918 2919 1 0 5000       0.00000       0.00000
2920 2921 1 0 5000       0.00000       0.00000
2922 2923 1 0 5000       0.00000       0.00000
2924 2925 1 0 5000       0.00000       0.00000
2926 2927 1 0 5000       0.00000       0.00000
2928 2929 1 0 5000       0.00000       0.00000
2930 2931 1 0 5000       0.00000       0.00000
2932 2933 1 0 5000       0.00000       0.00000
2934 2935 1 0 5000       0.00000       0.00000
2936 2937 1 0 5000       0.00000       0.00000
2938 2939 1 0 5000       0.00000       0.00000
2940 2941 1 0 5000       0.00000       0.00000
2942 2943 1 0 5000       0.00000       0.00000
2944 2945 1 0 5000       0.00000       0.00000
2946 2947 1 0 5000       0.00000       0.00000
2948 2949 1 0 5000       0.00000       0.00000
2950 2951 1 0 5000       0.00000       0.00000
2952 2953 1 0 5000       0.00000       0.00000
2954 2955 1 0 5000       0.00000       0.00000
2956 2957 1 0 5000       0.00000       0.00000
2958 2959 1 0 5000       0.00000       0.00000
2960 2961 1 0 5000       0.00000       0.00000
2962 2963 1 0 5000       0.00000       0.00000
2964 2965 1 0 5000       0.00000       0.00000
2966 2967 1 0 5000       0.00000       0.00000
2968 2969 1 0 5000       0.00000       0.00000
2970 2971 1 0 5000       0.00000       0.00000
2972 2973 1 0 5000       0.00000       0.00000
2974 2975 1 0 5000       0.00000       0.00000
2976 2977 1 0 5000       0.00000       0.00000
2978 2979 1 0 5000       0.00000       0.00000
2980 2981 1 0 5000       0.00000       0.00000
2982 2983 1 0 5000       0.00000       0.00000
2984 2985 1 0 5000       0.00000       0.00000
2986 2987 1 0 5000       0.00000       0.00000
2988 2989 1 0 5000       0.00000       0.00000
2990 2991 1 0 5000       0.00000       0.00000
2992 2993 1 0 5000       0.00000       0.00000
2994 2995 1 0 5000       0.00000       0.00000
2996 2997 1 0 5000       0.00000       0.00000
2998 2999 1 0 5000       0.00000       0.00000
3000 3001 1 0 5000       0.00000       0.00000
3002 3003 1 0 5000       0.00000       0.00000
3004 3005 1 0 5000       0.00000       0.00000
3006 3007 1 0 5000       0.00000       0.00000
3008 3009 1 0 5000       0.00000       0.00000
3010 3011 1 0 5000       0.00000       0.00000
3012 3013 1 0 5000       0.00000       0.00000
3014 3015 1 0 5000       0.00000       0.00000
3016 3017 1 0 5000       0.00000       0.00000
3018 3019 1 0 5000       0.00000       0.00000
3020 3021 1 0 5000       0.00000       0.00000
3022 3023 1 0 5000       0.00000       0.00000
3024 3025 1 0 5000       0.00000       0.00000
3026 3027 1 0 5000       0.00000       0.00000
3028 3029 1 0 5000       0.00000       0.00000
3030 3031 1 0 5000       0.00000       0.00000
3032 3033 1 0 5000       0.00000       0.00000
3034 3035 1 0 5000       0.00000       0.00000
3036 3037 1 0 5000       0.00000       0.00000
3038 3039 1 0 5000       0.00000       0.00000
3040 3041 1 0 5000       0.00000       0.00000
3042 3043 1 0 5000       0.00000       0.00000
3044 3045 1 0 5000       0.00000       0.00000
3046 3047 1 0 5000       0.00000       0.00000
3048 3049 1 0 5000       0.00000       0.00000
3050 3051 1 0 5000       0.00000       0.00000
3052 3053 1 0 5000       0.00000       0.00000
3054 3055 1 0 5000       0.00000       0.00000
3056 3057 1 0 5000       0.00000       0.00000
3058 3059 1 0 5000       0.00000       0.00000
3060 3061 1 0 5000       0.00000       0.00000
3062 3063 1 0 5000       0.00000       0.00000
3064 3065 1 0 5000       0.00000       0.00000
3066 3067 1 0 5000       0.00000       0.00000
3068 3069 1 0 5000       0.00000       0.00000
3070 3071 1 0 5000       0.00000       0.00000
3072 3073 1 0 5000       0.00000       0.00000
3074 3075 1 0 5000       0.00000       0.00000
3076 3077 1 0 5000       0.00000       0.00000
3078 3079 1 0 5000       0.00000       0.00000
3080 3081 1 0 5000       0.00000       0.00000
3082 3083 1 0 5000       0.00000       0.00000
3084 3085 1 0 5000       0.00000       0.00000
3086 3087 1 0 5000       0.00000       0.00000
3088 3089 1 0 5000       0.00000       0.00000
3090 3091 1 0 5000       0.00000       0.00000
3092 3093 1 0 5000       0.00000       0.00000
3094 3095 1 0 5000       0.00000       0.00000
3096 3097 1 0 5000       0.00000       0.00000
3098 3099 1 0 5000       0.00000       0.00000
3100 3101 1 0 5000       0.00000       0.00000
3102 3103 1 0 5000       0.00000       0.00000
3104 3105 1 0 5000       0.00000       0.00000
3106 3107 1 0 5000       0.00000       0.00000
3108 3109 1 0 5000       0.00000       0.00000
3110 3111 1 0 5000       0.00000       0.00000
3112 3113 1 0 5000       0.00000       0.00000
3114 3115 1 0 5000       0.00000       0.00000
3116 3117 1 0 5000       0.00000       0.00000
3118 3119 1 0 5000       0.00000       0.00000
3120 3121 1 0 5000       0.00000       0.00000
3122 3123 1 0 5000       0.00000       0.00000
3124 3125 1 0 5000       0.00000       0.00000
3126 3127 1 0 5000       0.00000       0.00000
3128 3129 1 0 5000       0.00000       0.00000
3130 3131 1 0 5000       0.00000       0.00000
3132 3133 1 0 5000       0.00000       0.00000
3134 3135 1 0 5000       0.00000       0.00000
3136 3137 1 0 5000       0.00000       0.00000
3138 3139 1 0 5000       0.00000       0.00000
3140 3141 1 0 5000       0.00000       0.00000
3142 3143 1 0 5000       0.00000       0.00000
3144 3145 1 0 5000       0.00000       0.00000
3146 3147 1 0 5000       0.00000       0.00000
3148 3149 1 0 5000       0.00000       0.00000
3150 3151 1 0 5000       0.00000       0.00000
3152 3153 1 0 5000       0.00000       0.00000
3154 3155 1 0 5000       0.00000       0.00000
3156 3157 1 0 5000       0.00000       0.00000
3158 3159 1 0 5000       0.00000       0.00000
3160 3161 1 0 5000       0.00000       0.00000
3162 3163 1 0 5000       0.00000       0.00000
3164 3165 1 0 5000       0.00000       0.00000
3166 3167 1 0 5000       0.00000       0.00000
3168 3169 1 0 5000       0.00000       0.00000
3170 3171 1 0 5000       0.00000       0.00000
3172 3173 1 0 5000       0.00000       0.00000
3174 3175 1 0 5000       0.00000       0.00000
3176 3177 1 0 5000       0.00000       0.00000
3178 3179 1 0 5000       0.00000       0.00000
3180 3181 1 0 5000       0.00000       0.00000
3182 3183 1 0 5000       0.00000       0.00000
3184 3185 1 0 5000       0.00000       0.00000
3186 3187 1 0 5000       0.00000       0.00000
3188 3189 1 0 5000       0.00000       0.00000
3190 3191 1 0 5000       0.00000       0.00000
3192 3193 1 0 5000       0.00000       0.00000
3194 3195 1 0 5000       0.00000       0.00000
3196 3197 1 0 5000       0.00000       0.00000
3198 3199 1 0 5000       0.00000       0.00000
3200 3201 1 0 5000       0.00000       0.00000
3202 3203 1 0 5000       0.00000       0.00000
3204 3205 1 0 5000       0.00000       0.00000
3206 3207 1 0 5000       0.00000       0.00000
3208 3209 1 0 5000       0.00000       0.00000
3210 3211 1 0 5000       0.00000       0.00000
3212 3213 1 0 5000       0.00000       0.00000
3214 3215 1 0 5000       0.00000       0.00000
3216 3217 1 0 5000       0.00000       0.00000
3218 3219 1 0 5000       0.00000       0.00000
3220 3221 1 0 5000       0.00000       0.00000
3222 3223 1 0 5000       0.00000       0.00000
3224 3225 1 0 5000       0.00000       0.00000
3226 3227 1 0 5000       0.00000       0.00000
3228 3229 1 0 5000       0.00000       0.00000
3230 3231 1 0 5000       0.00000       0.00000
3232 3233 1 0 5000       0.00000       0.00000
3234 3235 1 0 5000       0.00000       0.00000
3236 3237 1 0 5000       0.00000       0.00000
3238 3239 1 0 5000       0.00000       0.00000
3240 3241 1 0 5000       0.00000       0.00000
3242 3243 1 0 5000       0.00000       0.00000
3244 3245 1 0 5000       0.00000       0.00000
3246 3247 1 0 5000       0.00000       0.00000
3248 3249 1 0 5000       0.00000       0.00000
3250 3251 1 0 5000       0.00000       0.00000
3252 3253 1 0 5000       0.00000       0.00000
3254 3255 1 0 5000       0.00000       0.00000
3256 3257 1 0 5000       0.00000       0.00000
3258 3259 1 0 5000       0.00000       0.00000
3260 3261 1 0 5000       0.00000       0.00000
3262 3263 1 0 5000       0.00000       0.00000
3264 3265 1 0 5000       0.00000       0.00000
3266 3267 1 0 5000       0.00000       0.00000
3268 3269 1 0 5000       0.00000       0.00000
3270 3271 1 0 5000       0.00000       0.00000
3272 3273 1 0 5000       0.00000       0.00000
3274 3275 1 0 5000       0.00000       0.00000
3276 3277 1 0 5000       0.00000       0.00000
3278 3279 1 0 5000       0.00000       0.00000
3280 3281 1 0 5000       0.00000       0.00000
3282 3283 1 0 5000       0.00000       0.00000
3284 3285 1 0 5000       0.00000       0.00000
3286 3287 1 0 5000       0.00000       0.00000
3288 3289 1 0 5000       0.00000       0.00000
3290 3291 1 0 5000       0.00000       0.00000
3292 3293 1 0 5000       0.00000       0.00000
3294 3295 1 0 5000       0.00000       0.00000
3296 3297 1 0 5000       0.00000       0.00000
3298 3299 1 0 5000       0.00000       0.00000
3300 3301 1 0 5000       0.00000       0.00000
3302 3303 1 0 5000       0.00000       0.00000
3304 3305 1 0 5000       0.00000       0.00000
3306 3307 1 0 5000       0.00000       0.00000
3308 3309 1 0 5000       0.00000       0.00000
3310 3311 1 0 5000       0.00000       0.00000
3312 3313 1 0 5000       0.00000       0.00000
3314 3315 1 0 5000       0.00000       0.00000
3316 3317 1 0 5000       0.00000       0.00000
3318 3319 1 0 5000       0.00000       0.00000
3320 3321 1 0 5000       0.00000       0.00000
3322 3323 1 0 5000       0.00000       0.00000
3324 3325 1 0 5000       0.00000       0.00000
3326 3327 1 0 5000       0.00000       0.00000
3328 3329 1 0 5000       0.00000       0.00000
3330 3331 1 0 5000       0.00000       0.00000
3332 3333 1 0 5000       0.00000       0.00000
3334 3335 1 0 5000       0.00000       0.00000
3336 3337 1 0 5000       0.00000       0.00000
3338 3339 1 0 5000       0.00000       0.00000
3340 3341 1 0 5000       0.00000       0.00000
3342 3343 1 0 5000       0.00000       0.00000
3344 3345 1 0 5000       0.00000       0.00000
3346 3347 1 0 5000       0.00000       0.00000
3348 3349 1 0 5000       0.00000       0.00000
3350 3351 1 0 5000       0.00000       0.00000
3352 3353 1 0 5000       0.00000       0.00000
3354 3355 1 0 5000       0.00000       0.00000
3356 3357 1 0 5000       0.00000       0.00000
3358 3359 1 0 5000       0.00000       0.00000
3360 3361 1 0 5000       0.00000       0.00000
3362 3363 1 0 5000       0.00000       0.00000
3364 3365 1 0 5000       0.00000       0.00000
3366 3367 1 0 5000       0.00000       0.00000
3368 3369 1 0 5000       0.00000       0.00000
3370 3371 1 0 5000       0.00000       0.00000
3372 3373 1 0 5000       0.00000       0.00000
3374 3375 1 0 5000       0.00000       0.00000
3376 3377 1 0 5000       0.00000       0.00000
3378 3379 1 0 5000       0.00000       0.00000
3380 3381 1 0 5000       0.00000       0.00000
3382 3383 1 0 5000       0.00000       0.00000
3384 3385 1 0 5000       0.00000       0.00000
3386 3387 1 0 5000       0.00000       0.00000
3388 3389 1 0 5000       0.00000       0.00000
3390 3391 1 0 5000       0.00000       0.00000
3392 3393 1 0 5000       0.00000       0.00000
3394 3395 1 0 5000       0.00000       0.00000
3396 3397 1 0 5000       0.00000       0.00000
3398 3399 1 0 5000       0.00000       0.00000
3400 3401 1 0 5000       0.00000       0.00000
3402 3403 1 0 5000       0.00000       0.00000
3404 3405 1 0 5000       0.00000       0.00000
3406 3407 1 0 5000       0.00000       0.00000
3408 3409 1 0 5000       0.00000       0.00000
3410 3411 1 0 5000       0.00000       0.00000
3412 3413 1 0 5000       0.00000       0.00000
3414 3415 1 0 5000       0.00000       0.00000
3416 3417 1 0 5000       0.00000       0.00000
3418 3419 1 0 5000       0.00000       0.00000
3420 3421 1 0 5000       0.00000       0.00000
3422 3423 1 0 5000       0.00000       0.00000
3424 3425 1 0 5000       0.00000       0.00000
3426 3427 1 0 5000       0.00000       0.00000
3428 3429 1 0 5000       0.00000       0.00000
3430 3431 1 0 5000       0.00000       0.00000
3432 3433 1 0 5000       0.00000       0.00000
3434 3435 1 0 5000       0.00000       0.00000
3436 3437 1 0 5000       0.00000       0.00000
3438 3439 1 0 5000       0.00000       0.00000
3440 3441 1 0 5000       0.00000       0.00000
3442 3443 1 0 5000       0.00000       0.00000
3444 3445 1 0 5000       0.00000       0.00000
3446 3447 1 0 5000       0.00000       0.00000
3448 3449 1 0 5000       0.00000       0.00000
3450 3451 1 0 5000       0.00000       0.00000
3452 3453 1 0 5000       0.00000       0.00000
3454 3455 1 0 5000       0.00000       0.00000
3456 3457 1 0 5000       0.00000       0.00000
3458 3459 1 0 5000       0.00000       0.00000
3460 3461 1 0 5000       0.00000       0.00000
3462 3463 1 0 5000       0.00000       0.00000
3464 3465 1 0 5000       0.00000       0.00000
3466 3467 1 0 5000       0.00000       0.00000
3468 3469 1 0 5000       0.00000       0.00000
3470 3471 1 0 5000       0.00000       0.00000
3472 3473 1 0 5000       0.00000       0.00000
3474 3475 1 0 5000       0.00000       0.00000
3476 3477 1 0 5000       0.00000       0.00000
3478 3479 1 0 5000       0.00000       0.00000
3480 3481 1 0 5000       0.00000       0.00000
3482 3483 1 0 5000       0.00000       0.00000
3484 3485 1 0 5000       0.00000       0.00000
3486 3487 1 0 5000       0.00000       0.00000
3488 3489 1 0 5000       0.00000       0.00000
3490 3491 1 0 5000       0.00000       0.00000
3492 3493 1 0 5000       0.00000       0.00000
3494 3495 1 0 5000       0.00000       0.00000
3496 3497 1 0 5000       0.00000       0.00000
3498 3499 1 0 5000       0.00000       0.00000
3500 3501 1 0 5000       0.00000       0.00000
3502 3503 1 0 5000       0.00000       0.00000
3504 3505 1 0 5000       0.00000       0.00000
3506 3507 1 0 5000       0.00000       0.00000
3508 3509 1 0 5000       0.00000       0.00000
3510 3511 1 0 5000       0.00000       0.00000
3512 3513 1 0 5000       0.00000       0.00000
3514 3515 1 0 5000       0.00000       0.00000
3516 3517 1 0 5000       0.00000       0.00000
3518 3519 1 0 5000       0.00000       0.00000
3520 3521 1 0 5000       0.00000       0.00000
3522 3523 1 0 5000       0.00000       0.00000
3524 3525 1 0 5000       0.00000       0.00000
3526 3527 1 0 5000       0.00000       0.00000
3528 3529 1 0 5000       0.00000       0.00000
3530 3531 1 0 5000       0.00000       0.00000
3532 3533 1 0 5000       0.00000       0.00000
3534 3535 1 0 5000       0.00000       0.00000
3536 3537 1 0 5000       0.00000       0.00000
3538 3539 1 0 5000       0.00000       0.00000
3540 3541 1 0 5000       0.00000       0.00000
3542 3543 1 0 5000       0.00000       0.00000
3544 3545 1 0 5000       0.00000       0.00000
3546 3547 1 0 5000       0.00000       0.00000
3548 3549 1 0 5000       0.00000       0.00000
3550 3551 1 0 5000       0.00000       0.00000
3552 3553 1 0 5000       0.00000       0.00000
3554 3555 1 0 5000       0.00000       0.00000
3556 3557 1 0 5000       0.00000       0.00000
3558 3559 1 0 5000       0.00000       0.00000
3560 3561 1 0 5000       0.00000       0.00000
3562 3563 1 0 5000       0.00000       0.00000
3564 3565 1 0 5000       0.00000       0.00000
3566 3567 1 0 5000       0.00000       0.00000
3568 3569 1 0 5000       0.00000       0.00000
3570 3571 1 0 5000       0.00000       0.00000
3572 3573 1 0 5000       0.00000       0.00000
3574 3575 1 0 5000       0.00000       0.00000
3576 3577 1 0 5000       0.00000       0.00000
3578 3579 1 0 5000       0.00000       0.00000
3580 3581 1 0 5000       0.00000       0.00000
3582 3583 1 0 5000       0.00000       0.00000
3584 3585 1 0 5000       0.00000       0.00000
3586 3587 1 0 5000       0.00000       0.00000
3588 3589 1 0 5000       0.00000       0.00000
3590 3591 1 0 5000       0.00000       0.00000
3592 3593 1 0 5000       0.00000       0.00000
3594 3595 1 0 5000       0.00000       0.00000
3596 3597 1 0 5000       0.00000       0.00000
3598 3599 1 0 5000       0.00000       0.00000
3600 3601 1 0 5000       0.00000       0.00000
3602 3603 1 0 5000       0.00000       0.00000
3604 3605 1 0 5000       0.00000       0.00000
3606 3607 1 0 5000       0.00000       0.00000
3608 3609 1 0 5000       0.00000       0.00000
3610 3611 1 0 5000       0.00000       0.00000
3612 3613 1 0 5000       0.00000       0.00000
3614 3615 1 0 5000       0.00000       0.00000
3616 3617 1 0 5000       0.00000       0.00000
3618 3619 1 0 5000       0.00000       0.00000
3620 3621 1 0 5000       0.00000       0.00000
3622 3623 1 0 5000       0.00000       0.00000
3624 3625 1 0 5000       0.00000       0.00000
3626 3627 1 0 5000       0.00000       0.00000
3628 3629 1 0 5000       0.00000       0.00000
3630 3631 1 0 5000       0.00000       0.00000
3632 3633 1 0 5000       0.00000       0.00000
3634 3635 1 0 5000       0.00000       0.00000
3636 3637 1 0 5000       0.00000       0.00000
3638 3639 1 0 5000       0.00000       0.00000
3640 3641 1 0 5000       0.00000       0.00000
3642 3643 1 0 5000       0.00000       0.00000
3644 3645 1 0 5000       0.00000       0.00000
3646 3647 1 0 5000       0.00000       0.00000
3648 3649 1 0 5000       0.00000       0.00000
3650 3651 1 0 5000       0.00000       0.00000
3652 3653 1 0 5000       0.00000       0.00000
3654 3655 1 0 5000       0.00000       0.00000
3656 3657 1 0 5000       0.00000       0.00000
3658 3659 1 0 5000       0.00000       0.00000
3660 3661 1 0 5000       0.00000       0.00000
3662 3663 1 0 5000       0.00000       0.00000
3664 3665 1 0 5000       0.00000       0.00000
3666 3667 1 0 5000       0.00000       0.00000
3668 3669 1 0 5000       0.00000       0.00000
3670 3671 1 0 5000       0.00000       0.00000
3672 3673 1 0 5000       0.00000       0.00000
3674 3675 1 0 5000       0.00000       0.00000
3676 3677 1 0 5000       0.00000       0.00000
3678 3679 1 0 5000       0.00000       0.00000
3680 3681 1 0 5000       0.00000       0.00000
3682 3683 1 0 5000       0.00000       0.00000
3684 3685 1 0 5000       0.00000       0.00000
3686 3687 1 0 5000       0.00000       0.00000
3688 3689 1 0 5000       0.00000       0.00000
3690 3691 1 0 5000       0.00000       0.00000
3692 3693 1 0 5000       0.00000       0.00000
3694 3695 1 0 5000       0.00000       0.00000
3696 3697 1 0 5000       0.00000       0.00000
3698 3699 1 0 5000       0.00000       0.00000
3700 3701 1 0 5000       0.00000       0.00000
3702 3703 1 0 5000       0.00000       0.00000
3704 3705 1 0 5000       0.00000       0.00000
3706 3707 1 0 5000       0.00000       0.00000
3708 3709 1 0 5000       0.00000       0.00000
3710 3711 1 0 5000       0.00000       0.00000
3712 3713 1 0 5000       0.00000       0.00000
3714 3715 1 0 5000       0.00000       0.00000
3716 3717 1 0 5000       0.00000       0.00000
3718 3719 1 0 5000       0.00000       0.00000
3720 3721 1 0 5000       0.00000       0.00000
3722 3723 1 0 5000       0.00000       0.00000
3724 3725 1 0 5000       0.00000       0.00000
3726 3727 1 0 5000       0.00000       0.00000
3728 3729 1 0 5000       0.00000       0.00000
3730 3731 1 0 5000       0.00000       0.00000
3732 3733 1 0 5000       0.00000       0.00000
3734 3735 1 0 5000       0.00000       0.00000
3736 3737 1 0 5000       0.00000       0.00000
3738 3739 1 0 5000       0.00000       0.00000
3740 3741 1 0 5000       0.00000       0.00000
3742 3743 1 0 5000       0.00000       0.00000
3744 3745 1 0 5000       0.00000       0.00000
3746 3747 1 0 5000       0.00000       0.00000
3748 3749 1 0 5000       0.00000       0.00000
3750 3751 1 0 5000       0.00000       0.00000
3752 3753 1 0 5000       0.00000       0.00000
3754 3755 1 0 5000       0.00000       0.00000
3756 3757 1 0 5000       0.00000       0.00000
3758 3759 1 0 5000       0.00000       0.00000
3760 3761 1 0 5000       0.00000       0.00000
3762 3763 1 0 5000       0.00000       0.00000
3764 3765 1 0 5000       0.00000       0.00000
3766 3767 1 0 5000       0.00000       0.00000
3768 3769 1 0 5000       0.00000       0.00000
3770 3771 1 0 5000       0.00000       0.00000
3772 3773 1 0 5000       0.00000       0.00000
3774 3775 1 0 5000       0.00000       0.00000
3776 3777 1 0 5000       0.00000       0.00000
3778 3779 1 0 5000       0.00000       0.00000
3780 3781 1 0 5000       0.00000       0.00000
3782 3783 1 0 5000       0.00000       0.00000
3784 3785 1 0 5000       0.00000       0.00000
3786 3787 1 0 5000       0.00000       0.00000
3788 3789 1 0 5000       0.00000       0.00000
3790 3791 1 0 5000       0.00000       0.00000
3792 3793 1 0 5000       0.00000       0.00000
3794 3795 1 0 5000       0.00000       0.00000
3796 3797 1 0 5000       0.00000       0.00000
3798 3799 1 0 5000       0.00000       0.00000
3800 3801 1 0 5000       0.00000       0.00000
3802 3803 1 0 5000       0.00000       0.00000
3804 3805 1 0 5000       0.00000       0.00000
3806 3807 1 0 5000       0.00000       0.00000
3808 3809 1 0 5000       0.00000       0.00000
3810 3811 1 0 5000       0.00000       0.00000
3812 3813 1 0 5000       0.00000       0.00000
3814 3815 1 0 5000       0.00000       0.00000
3816 3817 1 0 5000       0.00000       0.00000
3818 3819 1 0 5000       0.00000       0.00000
3820 3821 1 0 5000       0.00000       0.00000
3822 3823 1 0 5000       0.00000       0.00000
3824 3825 1 0 5000       0.00000       0.00000
3826 3827 1 0 5000       0.00000       0.00000
3828 3829 1 0 5000       0.00000       0.00000
3830 3831 1 0 5000       0.00000       0.00000
3832 3833 1 0 5000       0.00000       0.00000
3834 3835 1 0 5000       0.00000       0.00000
3836 3837 1 0 5000       0.00000       0.00000
3838 3839 1 0 5000       0.00000       0.00000
3840 3841 1 0 5000       0.00000       0.00000
3842 3843 1 0 5000       0.00000       0.00000
3844 3845 1 0 5000       0.00000       0.00000
3846 3847 1 0 5000       0.00000       0.00000
3848 3849 1 0 5000       0.00000       0.00000
3850 3851 1 0 5000       0.00000       0.00000
3852 3853 1 0 5000       0.00000       0.00000
3854 3855 1 0 5000       0.00000       0.00000
3856 3857 1 0 5000       0.00000       0.00000
3858 3859 1 0 5000       0.00000       0.00000
3860 3861 1 0 5000       0.00000       0.00000
3862 3863 1 0 5000       0.00000       0.00000
3864 3865 1 0 5000       0.00000       0.00000
3866 3867 1 0 5000       0.00000       0.00000
3868 3869 1 0 5000       0.00000       0.00000
3870 3871 1 0 5000       0.00000       0.00000
3872 3873 1 0 5000       0.00000       0.00000
3874 3875 1 0 5000       0.00000       0.00000
3876 3877 1 0 5000       0.00000       0.00000
3878 3879 1 0 5000       0.00000       0.00000
3880 3881 1 0 5000       0.00000       0.00000
3882 3883 1 0 5000       0.00000       0.00000
3884 3885 1 0 5000       0.00000       0.00000
3886 3887 1 0 5000       0.00000       0.00000
3888 3889 1 0 5000       0.00000       0.00000
3890 3891 1 0 5000       0.00000       0.00000
3892 3893 1 0 5000       0.00000       0.00000
3894 3895 1 0 5000       0.00000       0.00000
3896 3897 1 0 5000       0.00000       0.00000
3898 3899 1 0 5000       0.00000       0.00000
3900 3901 1 0 5000       0.00000       0.00000
3902 3903 1 0 5000       0.00000       0.00000
3904 3905 1 0 5000       0.00000       0.00000
3906 3907 1 0 5000       0.00000       0.00000
3908 3909 1 0 5000       0.00000       0.00000
3910 3911 1 0 5000       0.00000       0.00000
3912 3913 1 0 5000       0.00000       0.00000
3914 3915 1 0 5000       0.00000       0.00000
3916 3917 1 0 5000       0.00000       0.00000
3918 3919 1 0 5000       0.00000       0.00000
3920 3921 1 0 5000       0.00000       0.00000
3922 3923 1 0 5000       0.00000       0.00000
3924 3925 1 0 5000       0.00000       0.00000
3926 3927 1 0 5000       0.00000       0.00000
3928 3929 1 0 5000       0.00000       0.00000
3930 3931 1 0 5000       0.00000       0.00000
3932 3933 1 0 5000       0.00000       0.00000
3934 3935 1 0 5000       0.00000       0.00000
3936 3937 1 0 5000       0.00000       0.00000
3938 3939 1 0 5000       0.00000       0.00000
3940 3941 1 0 5000       0.00000       0.00000
3942 3943 1 0 5000       0.00000       0.00000
3944 3945 1 0 5000       0.00000       0.00000
3946 3947 1 0 5000       0.00000       0.00000
3948 3949 1 0 5000       0.00000       0.00000
3950 3951 1 0 5000       0.00000       0.00000
3952 3953 1 0 5000       0.00000       0.00000
3954 3955 1 0 5000       0.00000       0.00000
3956 3957 1 0 5000       0.00000       0.00000
3958 3959 1 0 5000       0.00000       0.00000
3960 3961 1 0 5000       0.00000       0.00000
3962 3963 1 0 5000       0.00000       0.00000
3964 3965 1 0 5000       0.00000       0.00000
3966 3967 1 0 5000       0.00000       0.00000
3968 3969 1 0 5000       0.00000       0.00000
3970 3971 1 0 5000       0.00000       0.00000
3972 3973 1 0 5000       0.00000       0.00000
3974 3975 1 0 5000       0.00000       0.00000
3976 3977 1 0 5000       0.00000       0.00000
3978 3979 1 0 5000       0.00000       0.00000
3980 3981 1 0 5000       0.00000       0.00000
3982 3983 1 0 5000       0.00000       0.00000
3984 3985 1 0 5000       0.00000       0.00000
3986 3987 1 0 5000       0.00000       0.00000
3988 3989 1 0 5000       0.00000       0.00000
3990 3991 1 0 5000       0.00000       0.00000
3992 3993 1 0 5000       0.00000       0.00000
3994 3995 1 0 5000       0.00000       0.00000
3996 3997 1 0 5000       0.00000       0.00000
3998 3999 1 0 5000       0.00000       0.00000
4000 4001 1 0 5000       0.00000       0.00000
4002 4003 1 0 5000       0.00000       0.00000
4004 4005 1 0 5000       0.00000       0.00000
4006 4007 1 0 5000       0.00000       0.00000
4008 4009 1 0 5000       0.00000       0.00000
4010 4011 1 0 5000       0.00000       0.00000
4012 4013 1 0 5000       0.00000       0.00000
4014 4015 1 0 5000       0.00000       0.00000
4016 4017 1 0 5000       0.00000       0.00000
4018 4019 1 0 5000       0.00000       0.00000
4020 4021 1 0 5000       0.00000       0.00000
4022 4023 1 0 5000       0.00000       0.00000
4024 4025 1 0 5000       0.00000       0.00000
4026 4027 1 0 5000       0.00000       0.00000
4028 4029 1 0 5000       0.00000       0.00000
4030 4031 1 0 5000       0.00000       0.00000
4032 4033 1 0 5000       0.00000       0.00000
4034 4035 1 0 5000       0.00000       0.00000
4036 4037 1 0 5000       0.00000       0.00000
4038 4039 1 0 5000       0.00000       0.00000
4040 4041 1 0 5000       0.00000       0.00000
4042 4043 1 0 5000       0.00000       0.00000
4044 4045 1 0 5000       0.00000       0.00000
4046 4047 1 0 5000       0.00000       0.00000
4048 4049 1 0 5000       0.00000       0.00000
4050 4051 1 0 5000       0.00000       0.00000
4052 4053 1 0 5000       0.00000       0.00000
4054 4055 1 0 5000       0.00000       0.00000
4056 4057 1 0 5000       0.00000       0.00000
4058 4059 1 0 5000       0.00000       0.00000
4060 4061 1 0 5000       0.00000       0.00000
4062 4063 1 0 5000       0.00000       0.00000
4064 4065 1 0 5000       0.00000       0.00000
4066 4067 1 0 5000       0.00000       0.00000
4068 4069 1 0 5000       0.00000       0.00000
4070 4071 1 0 5000       0.00000       0.00000
4072 4073 1 0 5000       0.00000       0.00000
4074 4075 1 0 5000       0.00000       0.00000
4076 4077 1 0 5000       0.00000       0.00000
4078 4079 1 0 5000       0.00000       0.00000
4080 4081 1 0 5000       0.00000       0.00000
4082 4083 1 0 5000       0.00000       0.00000
4084 4085 1 0 5000       0.00000       0.00000
4086 4087 1 0 5000       0.00000       0.00000
4088 4089 1 0 5000       0.00000       0.00000
4090 4091 1 0 5000       0.00000       0.00000
4092 4093 1 0 5000       0.00000       0.00000
4094 4095 1 0 5000       0.00000       0.00000
4096 4097 1 0 5000       0.00000       0.00000
4098 4099 1 0 5000       0.00000       0.00000
4100 4101 1 0 5000       0.00000       0.00000
4102 4103 1 0 5000       0.00000       0.00000
4104 4105 1 0 5000       0.00000       0.00000
4106 4107 1 0 5000       0.00000       0.00000
4108 4109 1 0 5000       0.00000       0.00000
4110 4111 1 0 5000       0.00000       0.00000
4112 4113 1 0 5000       0.00000       0.00000
4114 4115 1 0 5000       0.00000       0.00000
4116 4117 1 0 5000       0.00000       0.00000
4118 4119 1 0 5000       0.00000       0.00000
4120 4121 1 0 5000       0.00000       0.00000
4122 4123 1 0 5000       0.00000       0.00000
4124 4125 1 0 5000       0.00000       0.00000
4126 4127 1 0 5000       0.00000       0.00000
4128 4129 1 0 5000       0.00000       0.00000
4130 4131 1 0 5000       0.00000       0.00000
4132 4133 1 0 5000       0.00000       0.00000
4134 4135 1 0 5000       0.00000       0.00000
4136 4137 1 0 5000       0.00000       0.00000
4138 4139 1 0 5000       0.00000       0.00000
4140 4141 1 0 5000       0.00000       0.00000
4142 4143 1 0 5000       0.00000       0.00000
4144 4145 1 0 5000       0.00000       0.00000
4146 4147 1 0 5000       0.00000       0.00000
4148 4149 1 0 5000       0.00000       0.00000
4150 5000 1 0 5000       0.00000       0.00000
