0 4 1 0 320       0.00000       0.00000
0 4 1 0 320       0.00000       0.00000
0 4 1 0 320       0.00000       0.00000
0 4 1 0 320       0.00000       0.00000
0 4 1 0 320       0.00000       0.00000
5 6 2 0 320       0.00000       0.00000
5 6 2 0 320       0.00000       0.00000
7 8 2 0 320       0.00000       0.00000
7 8 2 0 320       0.00000       0.00000
9 10 2 0 320       0.00000       0.00000
9 10 2 0 320       0.00000       0.00000
11 12 2 0 320       0.00000       0.00000
11 12 2 0 320       0.00000       0.00000
13 14 2 0 320       0.00000       0.00000
13 14 2 0 320       0.00000       0.00000
15 16 2 0 320       0.00000       0.00000
15 16 2 0 320       0.00000       0.00000
17 18 2 0 320       0.00000       0.00000
17 18 2 0 320       0.00000       0.00000
19 20 2 0 320       0.00000       0.00000
19 20 2 0 320       0.00000       0.00000
21 22 2 0 320       0.00000       0.00000
21 22 2 0 320       0.00000       0.00000
23 24 2 0 320       0.00000       0.00000
23 24 2 0 320       0.00000       0.00000
25 26 2 0 320       0.00000       0.00000
25 26 2 0 320       0.00000       0.00000
27 28 2 0 320       0.00000       0.00000
27 28 2 0 320       0.00000       0.00000
29 30 2 0 320       0.00000       0.00000
29 30 2 0 320       0.00000       0.00000
31 32 2 0 320       0.00000       0.00000
31 32 2 0 320       0.00000       0.00000
33 34 2 0 320       0.00000       0.00000
33 34 2 0 320       0.00000       0.00000
35 36 2 0 320       0.00000       0.00000
35 36 2 0 320       0.00000       0.00000
37 38 2 0 320       0.00000       0.00000
37 38 2 0 320       0.00000       0.00000
39 40 2 0 320       0.00000       0.00000
39 40 2 0 320       0.00000       0.00000
41 42 2 0 320       0.00000       0.00000
41 42 2 0 320       0.00000       0.00000
43 44 2 0 320       0.00000       0.00000
43 44 2 0 320       0.00000       0.00000
45 46 2 0 320       0.00000       0.00000
45 46 2 0 320       0.00000       0.00000
47 48 2 0 320       0.00000       0.00000
47 48 2 0 320       0.00000       0.00000
49 50 2 0 320       0.00000       0.00000
49 50 2 0 320       0.00000       0.00000
51 52 2 0 320       0.00000       0.00000
51 52 2 0 320       0.00000       0.00000
53 54 2 0 320       0.00000       0.00000
53 54 2 0 320       0.00000       0.00000
55 56 2 0 320       0.00000       0.00000
55 56 2 0 320       0.00000       0.00000
57 58 2 0 320       0.00000       0.00000
57 58 2 0 320       0.00000       0.00000
59 60 2 0 320       0.00000       0.00000
59 60 2 0 320       0.00000       0.00000
61 62 2 0 320       0.00000       0.00000
61 62 2 0 320       0.00000       0.00000
63 64 2 0 320       0.00000       0.00000
63 64 2 0 320       0.00000       0.00000
65 66 2 0 320       0.00000       0.00000
65 66 2 0 320       0.00000       0.00000
67 68 2 0 320       0.00000       0.00000
67 68 2 0 320       0.00000       0.00000
69 70 2 0 320       0.00000       0.00000
69 70 2 0 320       0.00000       0.00000
71 72 2 0 320       0.00000       0.00000
71 72 2 0 320       0.00000       0.00000
73 74 2 0 320       0.00000       0.00000
73 74 2 0 320       0.00000       0.00000
75 76 2 0 320       0.00000       0.00000
75 76 2 0 320       0.00000       0.00000
77 78 2 0 320       0.00000       0.00000
77 78 2 0 320       0.00000       0.00000
79 80 2 0 320       0.00000       0.00000
79 80 2 0 320       0.00000       0.00000
81 82 2 0 320       0.00000       0.00000
81 82 2 0 320       0.00000       0.00000
83 84 2 0 320       0.00000       0.00000
83 84 2 0 320       0.00000       0.00000
85 86 2 0 320       0.00000       0.00000
85 86 2 0 320       0.00000       0.00000
87 88 2 0 320       0.00000       0.00000
87 88 2 0 320       0.00000       0.00000
89 90 2 0 320       0.00000       0.00000
89 90 2 0 320       0.00000       0.00000
91 92 2 0 320       0.00000       0.00000
91 92 2 0 320       0.00000       0.00000
93 94 2 0 320       0.00000       0.00000
93 94 2 0 320       0.00000       0.00000
95 96 2 0 320       0.00000       0.00000
95 96 2 0 320       0.00000       0.00000
97 98 2 0 320       0.00000       0.00000
97 98 2 0 320       0.00000       0.00000
99 100 2 0 320       0.00000       0.00000
99 100 2 0 320       0.00000       0.00000
101 102 2 0 320       0.00000       0.00000
101 102 2 0 320       0.00000       0.00000
103 104 2 0 320       0.00000       0.00000
103 104 2 0 320       0.00000       0.00000
105 106 2 0 320       0.00000       0.00000
105 106 2 0 320       0.00000       0.00000
107 108 2 0 320       0.00000       0.00000
107 108 2 0 320       0.00000       0.00000
109 110 2 0 320       0.00000       0.00000
109 110 2 0 320       0.00000       0.00000
111 112 2 0 320       0.00000       0.00000
111 112 2 0 320       0.00000       0.00000
113 114 2 0 320       0.00000       0.00000
113 114 2 0 320       0.00000       0.00000
115 116 2 0 320       0.00000       0.00000
115 116 2 0 320       0.00000       0.00000
117 118 2 0 320       0.00000       0.00000
117 118 2 0 320       0.00000       0.00000
119 120 2 0 320       0.00000       0.00000
119 120 2 0 320       0.00000       0.00000
121 122 2 0 320       0.00000       0.00000
121 122 2 0 320       0.00000       0.00000
123 124 2 0 320       0.00000       0.00000
123 124 2 0 320       0.00000       0.00000
125 126 2 0 320       0.00000       0.00000
125 126 2 0 320       0.00000       0.00000
127 128 2 0 320       0.00000       0.00000
127 128 2 0 320       0.00000       0.00000
129 130 2 0 320       0.00000       0.00000
129 130 2 0 320       0.00000       0.00000
131 132 2 0 320       0.00000       0.00000
131 132 2 0 320       0.00000       0.00000
133 134 2 0 320       0.00000       0.00000
133 134 2 0 320       0.00000       0.00000
135 136 2 0 320       0.00000       0.00000
135 136 2 0 320       0.00000       0.00000
137 138 2 0 320       0.00000       0.00000
137 138 2 0 320       0.00000       0.00000
139 140 2 0 320       0.00000       0.00000
139 140 2 0 320       0.00000       0.00000
141 142 2 0 320       0.00000       0.00000
141 142 2 0 320       0.00000       0.00000
143 144 2 0 320       0.00000       0.00000
143 144 2 0 320       0.00000       0.00000
145 146 2 0 320       0.00000       0.00000
145 146 2 0 320       0.00000       0.00000
147 148 2 0 320       0.00000       0.00000
147 148 2 0 320       0.00000       0.00000
149 150 2 0 320       0.00000       0.00000
149 150 2 0 320       0.00000       0.00000
151 152 2 0 320       0.00000       0.00000
151 152 2 0 320       0.00000       0.00000
153 154 2 0 320       0.00000       0.00000
153 154 2 0 320       0.00000       0.00000
155 156 2 0 320       0.00000       0.00000
155 156 2 0 320       0.00000       0.00000
157 158 2 0 320       0.00000       0.00000
157 158 2 0 320       0.00000       0.00000
159 160 2 0 320       0.00000       0.00000
159 160 2 0 320       0.00000       0.00000
161 162 2 0 320       0.00000       0.00000
161 162 2 0 320       0.00000       0.00000
163 164 2 0 320       0.00000       0.00000
163 164 2 0 320       0.00000       0.00000
165 166 2 0 320       0.00000       0.00000
165 166 2 0 320       0.00000       0.00000
167 168 2 0 320       0.00000       0.00000
167 168 2 0 320       0.00000       0.00000
169 170 2 0 320       0.00000       0.00000
169 170 2 0 320       0.00000       0.00000
171 172 2 0 320       0.00000       0.00000
171 172 2 0 320       0.00000       0.00000
173 174 2 0 320       0.00000       0.00000
173 174 2 0 320       0.00000       0.00000
175 176 2 0 320       0.00000       0.00000
175 176 2 0 320       0.00000       0.00000
177 178 2 0 320       0.00000       0.00000
177 178 2 0 320       0.00000       0.00000
179 180 2 0 320       0.00000       0.00000
179 180 2 0 320       0.00000       0.00000
181 182 2 0 320       0.00000       0.00000
181 182 2 0 320       0.00000       0.00000
183 184 2 0 320       0.00000       0.00000
183 184 2 0 320       0.00000       0.00000
185 186 2 0 320       0.00000       0.00000
185 186 2 0 320       0.00000       0.00000
187 188 2 0 320       0.00000       0.00000
187 188 2 0 320       0.00000       0.00000
189 190 2 0 320       0.00000       0.00000
189 190 2 0 320       0.00000       0.00000
191 192 2 0 320       0.00000       0.00000
191 192 2 0 320       0.00000       0.00000
193 194 2 0 320       0.00000       0.00000
193 194 2 0 320       0.00000       0.00000
195 196 2 0 320       0.00000       0.00000
195 196 2 0 320       0.00000       0.00000
197 198 2 0 320       0.00000       0.00000
197 198 2 0 320       0.00000       0.00000
199 200 2 0 320       0.00000       0.00000
199 200 2 0 320       0.00000       0.00000
201 202 2 0 320       0.00000       0.00000
201 202 2 0 320       0.00000       0.00000
203 204 2 0 320       0.00000       0.00000
203 204 2 0 320       0.00000       0.00000
205 206 2 0 320       0.00000       0.00000
205 206 2 0 320       0.00000       0.00000
207 208 2 0 320       0.00000       0.00000
207 208 2 0 320       0.00000       0.00000
209 210 2 0 320       0.00000       0.00000
209 210 2 0 320       0.00000       0.00000
211 212 2 0 320       0.00000       0.00000
211 212 2 0 320       0.00000       0.00000
213 214 2 0 320       0.00000       0.00000
213 214 2 0 320       0.00000       0.00000
215 216 2 0 320       0.00000       0.00000
215 216 2 0 320       0.00000       0.00000
217 218 2 0 320       0.00000       0.00000
217 218 2 0 320       0.00000       0.00000
219 220 2 0 320       0.00000       0.00000
219 220 2 0 320       0.00000       0.00000
221 222 2 0 320       0.00000       0.00000
221 222 2 0 320       0.00000       0.00000
223 224 2 0 320       0.00000       0.00000
223 224 2 0 320       0.00000       0.00000
225 226 2 0 320       0.00000       0.00000
225 226 2 0 320       0.00000       0.00000
227 228 2 0 320       0.00000       0.00000
227 228 2 0 320       0.00000       0.00000
229 230 2 0 320       0.00000       0.00000
229 230 2 0 320       0.00000       0.00000
231 232 2 0 320       0.00000       0.00000
231 232 2 0 320       0.00000       0.00000
233 234 2 0 320       0.00000       0.00000
233 234 2 0 320       0.00000       0.00000
235 236 2 0 320       0.00000       0.00000
235 236 2 0 320       0.00000       0.00000
237 238 2 0 320       0.00000       0.00000
237 238 2 0 320       0.00000       0.00000
239 240 2 0 320       0.00000       0.00000
239 240 2 0 320       0.00000       0.00000
241 242 2 0 320       0.00000       0.00000
241 242 2 0 320       0.00000       0.00000
243 244 2 0 320       0.00000       0.00000
243 244 2 0 320       0.00000       0.00000
245 246 2 0 320       0.00000       0.00000
245 246 2 0 320       0.00000       0.00000
247 248 2 0 320       0.00000       0.00000
247 248 2 0 320       0.00000       0.00000
249 250 2 0 320       0.00000       0.00000
249 250 2 0 320       0.00000       0.00000
251 252 2 0 320       0.00000       0.00000
251 252 2 0 320       0.00000       0.00000
253 254 2 0 320       0.00000       0.00000
253 254 2 0 320       0.00000       0.00000
255 256 2 0 320       0.00000       0.00000
255 256 2 0 320       0.00000       0.00000
257 258 2 0 320       0.00000       0.00000
257 258 2 0 320       0.00000       0.00000
259 260 2 0 320       0.00000       0.00000
259 260 2 0 320       0.00000       0.00000
261 262 2 0 320       0.00000       0.00000
261 262 2 0 320       0.00000       0.00000
263 264 2 0 320       0.00000       0.00000
263 264 2 0 320       0.00000       0.00000
265 266 2 0 320       0.00000       0.00000
265 266 2 0 320       0.00000       0.00000
267 268 2 0 320       0.00000       0.00000
267 268 2 0 320       0.00000       0.00000
269 270 2 0 320       0.00000       0.00000
269 270 2 0 320       0.00000       0.00000
271 272 2 0 320       0.00000       0.00000
271 272 2 0 320       0.00000       0.00000
273 274 2 0 320       0.00000       0.00000
273 274 2 0 320       0.00000       0.00000
275 276 2 0 320       0.00000       0.00000
275 276 2 0 320       0.00000       0.00000
277 278 2 0 320       0.00000       0.00000
277 278 2 0 320       0.00000       0.00000
279 280 2 0 320       0.00000       0.00000
279 280 2 0 320       0.00000       0.00000
281 282 2 0 320       0.00000       0.00000
281 282 2 0 320       0.00000       0.00000
283 284 2 0 320       0.00000       0.00000
283 284 2 0 320       0.00000       0.00000
285 286 2 0 320       0.00000       0.00000
285 286 2 0 320       0.00000       0.00000
287 288 2 0 320       0.00000       0.00000
287 288 2 0 320       0.00000       0.00000
289 290 2 0 320       0.00000       0.00000
289 290 2 0 320       0.00000       0.00000
291 292 2 0 320       0.00000       0.00000
291 292 2 0 320       0.00000       0.00000
293 294 2 0 320       0.00000       0.00000
293 294 2 0 320       0.00000       0.00000
295 296 2 0 320       0.00000       0.00000
295 296 2 0 320       0.00000       0.00000
297 298 2 0 320       0.00000       0.00000
297 298 2 0 320       0.00000       0.00000
299 300 2 0 320       0.00000       0.00000
299 300 2 0 320       0.00000       0.00000
301 302 2 0 320       0.00000       0.00000
301 302 2 0 320       0.00000       0.00000
303 304 2 0 320       0.00000       0.00000
303 304 2 0 320       0.00000       0.00000
305 306 2 0 320       0.00000       0.00000
305 306 2 0 320       0.00000       0.00000
307 308 2 0 320       0.00000       0.00000
307 308 2 0 320       0.00000       0.00000
309 310 2 0 320       0.00000       0.00000
309 310 2 0 320       0.00000       0.00000
311 312 2 0 320       0.00000       0.00000
311 312 2 0 320       0.00000       0.00000
313 314 2 0 320       0.00000       0.00000
313 314 2 0 320       0.00000       0.00000
315 316 2 0 320       0.00000       0.00000
315 316 2 0 320       0.00000       0.00000
317 318 2 0 320       0.00000       0.00000
317 318 2 0 320       0.00000       0.00000
319 319 2 0 320       0.00000       0.00000
320 320 2 0 320       0.00000       0.00000
